tensor([[1009.4604,  572.5487, 1073.3522,  660.8738],
        [1123.6887,  693.3265, 1215.0745,  758.6944],
        [1185.2019,  502.1594, 1256.3229,  671.5505],
        [1020.3959,  653.8076, 1144.0909,  722.3220],
        [ 891.8193,  546.8097,  977.0714,  744.9744],
        [ 764.9836,  570.0196,  854.4384,  787.9532],
        [1214.8264,  674.2983, 1348.8884,  773.8048],
        [ 824.4073,  758.9700,  997.7117,  808.4583],
        [ 712.1102,  707.4408,  765.4124,  814.4539],
        [1146.2609,  777.1042, 1380.3813,  814.9391],
        [ 771.4113,  765.2525, 1133.2771,  807.6978],
        [ 882.3517,  768.0855, 1132.3687,  806.4384],
        [ 967.5401,  767.6113, 1133.1696,  806.4355],
        [ 770.2643,  747.9602, 1114.1696,  801.3948],
        [ 806.2674,  726.8271, 1089.8560,  764.1845]])tensor([10., 12.,  7.,  2.,  7.,  9., 16.,  4.,  1.,  6., 16., 16., 16., 16., 16.])